100 4950 011
1 2 78 3 78 4 78 5 137 6 1 7 146 8 213 9 271 10 174 11 217 12 213 13 148 14 137 15 78 16 217 17 238 18 137 19 137 20 238 21 174 22 174 23 174 24 78 25 137 26 213 27 213 28 1 29 238 30 137 31 213 32 148 33 146 34 213 35 78 36 137 37 1 38 78 39 1 40 213 41 148 42 137 43 271 44 271 45 1 46 137 47 217 48 1 49 217 50 213 51 217 52 137 53 238 54 137 55 217 56 146 57 146 58 213 59 238 60 174 61 137 62 271 63 174 64 146 65 213 66 174 67 137 68 238 69 146 70 238 71 148 72 1 73 148 74 1 75 271 76 78 77 148 78 137 79 146 80 78 81 217 82 217 83 217 84 1 85 213 86 78 87 271 88 238 89 78 90 238 91 137 92 137 93 78 94 213 95 271 96 137 97 1 98 238 99 146 100 213
1 1 78 3 1 4 1 5 136 6 78 7 113 8 168 9 278 10 164 11 231 12 168 13 154 14 136 15 1 16 231 17 254 18 136 19 136 20 254 21 164 22 164 23 164 24 1 25 136 26 168 27 168 28 78 29 254 30 136 31 168 32 154 33 113 34 168 35 1 36 136 37 78 38 1 39 78 40 168 41 154 42 136 43 278 44 278 45 78 46 136 47 231 48 78 49 231 50 168 51 231 52 136 53 254 54 136 55 231 56 113 57 113 58 168 59 254 60 164 61 136 62 278 63 164 64 113 65 168 66 164 67 136 68 254 69 113 70 254 71 154 72 78 73 154 74 78 75 278 76 1 77 154 78 136 79 113 80 1 81 231 82 231 83 231 84 78 85 168 86 1 87 278 88 254 89 1 90 254 91 136 92 136 93 1 94 168 95 278 96 136 97 78 98 254 99 113 100 168
1 1 78 2 1 4 1 5 136 6 78 7 113 8 168 9 278 10 164 11 231 12 168 13 154 14 136 15 1 16 231 17 254 18 136 19 136 20 254 21 164 22 164 23 164 24 1 25 136 26 168 27 168 28 78 29 254 30 136 31 168 32 154 33 113 34 168 35 1 36 136 37 78 38 1 39 78 40 168 41 154 42 136 43 278 44 278 45 78 46 136 47 231 48 78 49 231 50 168 51 231 52 136 53 254 54 136 55 231 56 113 57 113 58 168 59 254 60 164 61 136 62 278 63 164 64 113 65 168 66 164 67 136 68 254 69 113 70 254 71 154 72 78 73 154 74 78 75 278 76 1 77 154 78 136 79 113 80 1 81 231 82 231 83 231 84 78 85 168 86 1 87 278 88 254 89 1 90 254 91 136 92 136 93 1 94 168 95 278 96 136 97 78 98 254 99 113 100 168
1 1 78 2 1 3 1 5 136 6 78 7 113 8 168 9 278 10 164 11 231 12 168 13 154 14 136 15 1 16 231 17 254 18 136 19 136 20 254 21 164 22 164 23 164 24 1 25 136 26 168 27 168 28 78 29 254 30 136 31 168 32 154 33 113 34 168 35 1 36 136 37 78 38 1 39 78 40 168 41 154 42 136 43 278 44 278 45 78 46 136 47 231 48 78 49 231 50 168 51 231 52 136 53 254 54 136 55 231 56 113 57 113 58 168 59 254 60 164 61 136 62 278 63 164 64 113 65 168 66 164 67 136 68 254 69 113 70 254 71 154 72 78 73 154 74 78 75 278 76 1 77 154 78 136 79 113 80 1 81 231 82 231 83 231 84 78 85 168 86 1 87 278 88 254 89 1 90 254 91 136 92 136 93 1 94 168 95 278 96 136 97 78 98 254 99 113 100 168
1 1 137 2 136 3 136 4 136 6 137 7 132 8 228 9 355 10 129 11 293 12 228 13 248 14 1 15 136 16 293 17 325 18 1 19 1 20 325 21 129 22 129 23 129 24 136 25 1 26 228 27 228 28 137 29 325 30 1 31 228 32 248 33 132 34 228 35 136 36 1 37 137 38 136 39 137 40 228 41 248 42 1 43 355 44 355 45 137 46 1 47 293 48 137 49 293 50 228 51 293 52 1 53 325 54 1 55 293 56 132 57 132 58 228 59 325 60 129 61 1 62 355 63 129 64 132 65 228 66 129 67 1 68 325 69 132 70 325 71 248 72 137 73 248 74 137 75 355 76 136 77 248 78 1 79 132 80 136 81 293 82 293 83 293 84 137 85 228 86 136 87 355 88 325 89 136 90 325 91 1 92 1 93 136 94 228 95 355 96 1 97 137 98 325 99 132 100 228
1 1 1 2 78 3 78 4 78 5 137 7 146 8 213 9 271 10 174 11 217 12 213 13 148 14 137 15 78 16 217 17 238 18 137 19 137 20 238 21 174 22 174 23 174 24 78 25 137 26 213 27 213 28 1 29 238 30 137 31 213 32 148 33 146 34 213 35 78 36 137 37 1 38 78 39 1 40 213 41 148 42 137 43 271 44 271 45 1 46 137 47 217 48 1 49 217 50 213 51 217 52 137 53 238 54 137 55 217 56 146 57 146 58 213 59 238 60 174 61 137 62 271 63 174 64 146 65 213 66 174 67 137 68 238 69 146 70 238 71 148 72 1 73 148 74 1 75 271 76 78 77 148 78 137 79 146 80 78 81 217 82 217 83 217 84 1 85 213 86 78 87 271 88 238 89 78 90 238 91 137 92 137 93 78 94 213 95 271 96 137 97 1 98 238 99 146 100 213
1 1 146 2 113 3 113 4 113 5 132 6 146 8 126 9 346 10 139 11 304 12 126 13 242 14 132 15 113 16 304 17 340 18 132 19 132 20 340 21 139 22 139 23 139 24 113 25 132 26 126 27 126 28 146 29 340 30 132 31 126 32 242 33 1 34 126 35 113 36 132 37 146 38 113 39 146 40 126 41 242 42 132 43 346 44 346 45 146 46 132 47 304 48 146 49 304 50 126 51 304 52 132 53 340 54 132 55 304 56 1 57 1 58 126 59 340 60 139 61 132 62 346 63 139 64 1 65 126 66 139 67 132 68 340 69 1 70 340 71 242 72 146 73 242 74 146 75 346 76 113 77 242 78 132 79 1 80 113 81 304 82 304 83 304 84 146 85 126 86 113 87 346 88 340 89 113 90 340 91 132 92 132 93 113 94 126 95 346 96 132 97 146 98 340 99 1 100 126
1 1 213 2 168 3 168 4 168 5 228 6 213 7 126 9 371 10 216 11 352 12 1 13 279 14 228 15 168 16 352 17 376 18 228 19 228 20 376 21 216 22 216 23 216 24 168 25 228 26 1 27 1 28 213 29 376 30 228 31 1 32 279 33 126 34 1 35 168 36 228 37 213 38 168 39 213 40 1 41 279 42 228 43 371 44 371 45 213 46 228 47 352 48 213 49 352 50 1 51 352 52 228 53 376 54 228 55 352 56 126 57 126 58 1 59 376 60 216 61 228 62 371 63 216 64 126 65 1 66 216 67 228 68 376 69 126 70 376 71 279 72 213 73 279 74 213 75 371 76 168 77 279 78 228 79 126 80 168 81 352 82 352 83 352 84 213 85 1 86 168 87 371 88 376 89 168 90 376 91 228 92 228 93 168 94 1 95 371 96 228 97 213 98 376 99 126 100 1
1 1 271 2 278 3 278 4 278 5 355 6 271 7 346 8 371 10 390 11 306 12 371 13 208 14 355 15 278 16 306 17 240 18 355 19 355 20 240 21 390 22 390 23 390 24 278 25 355 26 371 27 371 28 271 29 240 30 355 31 371 32 208 33 346 34 371 35 278 36 355 37 271 38 278 39 271 40 371 41 208 42 355 43 1 44 1 45 271 46 355 47 306 48 271 49 306 50 371 51 306 52 355 53 240 54 355 55 306 56 346 57 346 58 371 59 240 60 390 61 355 62 1 63 390 64 346 65 371 66 390 67 355 68 240 69 346 70 240 71 208 72 271 73 208 74 271 75 1 76 278 77 208 78 355 79 346 80 278 81 306 82 306 83 306 84 271 85 371 86 278 87 1 88 240 89 278 90 240 91 355 92 355 93 278 94 371 95 1 96 355 97 271 98 240 99 346 100 371
1 1 174 2 164 3 164 4 164 5 129 6 174 7 139 8 216 9 390 11 329 12 216 13 284 14 129 15 164 16 329 17 361 18 129 19 129 20 361 21 1 22 1 23 1 24 164 25 129 26 216 27 216 28 174 29 361 30 129 31 216 32 284 33 139 34 216 35 164 36 129 37 174 38 164 39 174 40 216 41 284 42 129 43 390 44 390 45 174 46 129 47 329 48 174 49 329 50 216 51 329 52 129 53 361 54 129 55 329 56 139 57 139 58 216 59 361 60 1 61 129 62 390 63 1 64 139 65 216 66 1 67 129 68 361 69 139 70 361 71 284 72 174 73 284 74 174 75 390 76 164 77 284 78 129 79 139 80 164 81 329 82 329 83 329 84 174 85 216 86 164 87 390 88 361 89 164 90 361 91 129 92 129 93 164 94 216 95 390 96 129 97 174 98 361 99 139 100 216
1 1 217 2 231 3 231 4 231 5 293 6 217 7 304 8 352 9 306 10 329 12 352 13 140 14 293 15 231 16 1 17 181 18 293 19 293 20 181 21 329 22 329 23 329 24 231 25 293 26 352 27 352 28 217 29 181 30 293 31 352 32 140 33 304 34 352 35 231 36 293 37 217 38 231 39 217 40 352 41 140 42 293 43 306 44 306 45 217 46 293 47 1 48 217 49 1 50 352 51 1 52 293 53 181 54 293 55 1 56 304 57 304 58 352 59 181 60 329 61 293 62 306 63 329 64 304 65 352 66 329 67 293 68 181 69 304 70 181 71 140 72 217 73 140 74 217 75 306 76 231 77 140 78 293 79 304 80 231 81 1 82 1 83 1 84 217 85 352 86 231 87 306 88 181 89 231 90 181 91 293 92 293 93 231 94 352 95 306 96 293 97 217 98 181 99 304 100 352
1 1 213 2 168 3 168 4 168 5 228 6 213 7 126 8 1 9 371 10 216 11 352 13 279 14 228 15 168 16 352 17 376 18 228 19 228 20 376 21 216 22 216 23 216 24 168 25 228 26 1 27 1 28 213 29 376 30 228 31 1 32 279 33 126 34 1 35 168 36 228 37 213 38 168 39 213 40 1 41 279 42 228 43 371 44 371 45 213 46 228 47 352 48 213 49 352 50 1 51 352 52 228 53 376 54 228 55 352 56 126 57 126 58 1 59 376 60 216 61 228 62 371 63 216 64 126 65 1 66 216 67 228 68 376 69 126 70 376 71 279 72 213 73 279 74 213 75 371 76 168 77 279 78 228 79 126 80 168 81 352 82 352 83 352 84 213 85 1 86 168 87 371 88 376 89 168 90 376 91 228 92 228 93 168 94 1 95 371 96 228 97 213 98 376 99 126 100 1
1 1 148 2 154 3 154 4 154 5 248 6 148 7 242 8 279 9 208 10 284 11 140 12 279 14 248 15 154 16 140 17 132 18 248 19 248 20 132 21 284 22 284 23 284 24 154 25 248 26 279 27 279 28 148 29 132 30 248 31 279 32 1 33 242 34 279 35 154 36 248 37 148 38 154 39 148 40 279 41 1 42 248 43 208 44 208 45 148 46 248 47 140 48 148 49 140 50 279 51 140 52 248 53 132 54 248 55 140 56 242 57 242 58 279 59 132 60 284 61 248 62 208 63 284 64 242 65 279 66 284 67 248 68 132 69 242 70 132 71 1 72 148 73 1 74 148 75 208 76 154 77 1 78 248 79 242 80 154 81 140 82 140 83 140 84 148 85 279 86 154 87 208 88 132 89 154 90 132 91 248 92 248 93 154 94 279 95 208 96 248 97 148 98 132 99 242 100 279
1 1 137 2 136 3 136 4 136 5 1 6 137 7 132 8 228 9 355 10 129 11 293 12 228 13 248 15 136 16 293 17 325 18 1 19 1 20 325 21 129 22 129 23 129 24 136 25 1 26 228 27 228 28 137 29 325 30 1 31 228 32 248 33 132 34 228 35 136 36 1 37 137 38 136 39 137 40 228 41 248 42 1 43 355 44 355 45 137 46 1 47 293 48 137 49 293 50 228 51 293 52 1 53 325 54 1 55 293 56 132 57 132 58 228 59 325 60 129 61 1 62 355 63 129 64 132 65 228 66 129 67 1 68 325 69 132 70 325 71 248 72 137 73 248 74 137 75 355 76 136 77 248 78 1 79 132 80 136 81 293 82 293 83 293 84 137 85 228 86 136 87 355 88 325 89 136 90 325 91 1 92 1 93 136 94 228 95 355 96 1 97 137 98 325 99 132 100 228
1 1 78 2 1 3 1 4 1 5 136 6 78 7 113 8 168 9 278 10 164 11 231 12 168 13 154 14 136 16 231 17 254 18 136 19 136 20 254 21 164 22 164 23 164 24 1 25 136 26 168 27 168 28 78 29 254 30 136 31 168 32 154 33 113 34 168 35 1 36 136 37 78 38 1 39 78 40 168 41 154 42 136 43 278 44 278 45 78 46 136 47 231 48 78 49 231 50 168 51 231 52 136 53 254 54 136 55 231 56 113 57 113 58 168 59 254 60 164 61 136 62 278 63 164 64 113 65 168 66 164 67 136 68 254 69 113 70 254 71 154 72 78 73 154 74 78 75 278 76 1 77 154 78 136 79 113 80 1 81 231 82 231 83 231 84 78 85 168 86 1 87 278 88 254 89 1 90 254 91 136 92 136 93 1 94 168 95 278 96 136 97 78 98 254 99 113 100 168
1 1 217 2 231 3 231 4 231 5 293 6 217 7 304 8 352 9 306 10 329 11 1 12 352 13 140 14 293 15 231 17 181 18 293 19 293 20 181 21 329 22 329 23 329 24 231 25 293 26 352 27 352 28 217 29 181 30 293 31 352 32 140 33 304 34 352 35 231 36 293 37 217 38 231 39 217 40 352 41 140 42 293 43 306 44 306 45 217 46 293 47 1 48 217 49 1 50 352 51 1 52 293 53 181 54 293 55 1 56 304 57 304 58 352 59 181 60 329 61 293 62 306 63 329 64 304 65 352 66 329 67 293 68 181 69 304 70 181 71 140 72 217 73 140 74 217 75 306 76 231 77 140 78 293 79 304 80 231 81 1 82 1 83 1 84 217 85 352 86 231 87 306 88 181 89 231 90 181 91 293 92 293 93 231 94 352 95 306 96 293 97 217 98 181 99 304 100 352
1 1 238 2 254 3 254 4 254 5 325 6 238 7 340 8 376 9 240 10 361 11 181 12 376 13 132 14 325 15 254 16 181 18 325 19 325 20 1 21 361 22 361 23 361 24 254 25 325 26 376 27 376 28 238 29 1 30 325 31 376 32 132 33 340 34 376 35 254 36 325 37 238 38 254 39 238 40 376 41 132 42 325 43 240 44 240 45 238 46 325 47 181 48 238 49 181 50 376 51 181 52 325 53 1 54 325 55 181 56 340 57 340 58 376 59 1 60 361 61 325 62 240 63 361 64 340 65 376 66 361 67 325 68 1 69 340 70 1 71 132 72 238 73 132 74 238 75 240 76 254 77 132 78 325 79 340 80 254 81 181 82 181 83 181 84 238 85 376 86 254 87 240 88 1 89 254 90 1 91 325 92 325 93 254 94 376 95 240 96 325 97 238 98 1 99 340 100 376
1 1 137 2 136 3 136 4 136 5 1 6 137 7 132 8 228 9 355 10 129 11 293 12 228 13 248 14 1 15 136 16 293 17 325 19 1 20 325 21 129 22 129 23 129 24 136 25 1 26 228 27 228 28 137 29 325 30 1 31 228 32 248 33 132 34 228 35 136 36 1 37 137 38 136 39 137 40 228 41 248 42 1 43 355 44 355 45 137 46 1 47 293 48 137 49 293 50 228 51 293 52 1 53 325 54 1 55 293 56 132 57 132 58 228 59 325 60 129 61 1 62 355 63 129 64 132 65 228 66 129 67 1 68 325 69 132 70 325 71 248 72 137 73 248 74 137 75 355 76 136 77 248 78 1 79 132 80 136 81 293 82 293 83 293 84 137 85 228 86 136 87 355 88 325 89 136 90 325 91 1 92 1 93 136 94 228 95 355 96 1 97 137 98 325 99 132 100 228
1 1 137 2 136 3 136 4 136 5 1 6 137 7 132 8 228 9 355 10 129 11 293 12 228 13 248 14 1 15 136 16 293 17 325 18 1 20 325 21 129 22 129 23 129 24 136 25 1 26 228 27 228 28 137 29 325 30 1 31 228 32 248 33 132 34 228 35 136 36 1 37 137 38 136 39 137 40 228 41 248 42 1 43 355 44 355 45 137 46 1 47 293 48 137 49 293 50 228 51 293 52 1 53 325 54 1 55 293 56 132 57 132 58 228 59 325 60 129 61 1 62 355 63 129 64 132 65 228 66 129 67 1 68 325 69 132 70 325 71 248 72 137 73 248 74 137 75 355 76 136 77 248 78 1 79 132 80 136 81 293 82 293 83 293 84 137 85 228 86 136 87 355 88 325 89 136 90 325 91 1 92 1 93 136 94 228 95 355 96 1 97 137 98 325 99 132 100 228
1 1 238 2 254 3 254 4 254 5 325 6 238 7 340 8 376 9 240 10 361 11 181 12 376 13 132 14 325 15 254 16 181 17 1 18 325 19 325 21 361 22 361 23 361 24 254 25 325 26 376 27 376 28 238 29 1 30 325 31 376 32 132 33 340 34 376 35 254 36 325 37 238 38 254 39 238 40 376 41 132 42 325 43 240 44 240 45 238 46 325 47 181 48 238 49 181 50 376 51 181 52 325 53 1 54 325 55 181 56 340 57 340 58 376 59 1 60 361 61 325 62 240 63 361 64 340 65 376 66 361 67 325 68 1 69 340 70 1 71 132 72 238 73 132 74 238 75 240 76 254 77 132 78 325 79 340 80 254 81 181 82 181 83 181 84 238 85 376 86 254 87 240 88 1 89 254 90 1 91 325 92 325 93 254 94 376 95 240 96 325 97 238 98 1 99 340 100 376
1 1 174 2 164 3 164 4 164 5 129 6 174 7 139 8 216 9 390 10 1 11 329 12 216 13 284 14 129 15 164 16 329 17 361 18 129 19 129 20 361 22 1 23 1 24 164 25 129 26 216 27 216 28 174 29 361 30 129 31 216 32 284 33 139 34 216 35 164 36 129 37 174 38 164 39 174 40 216 41 284 42 129 43 390 44 390 45 174 46 129 47 329 48 174 49 329 50 216 51 329 52 129 53 361 54 129 55 329 56 139 57 139 58 216 59 361 60 1 61 129 62 390 63 1 64 139 65 216 66 1 67 129 68 361 69 139 70 361 71 284 72 174 73 284 74 174 75 390 76 164 77 284 78 129 79 139 80 164 81 329 82 329 83 329 84 174 85 216 86 164 87 390 88 361 89 164 90 361 91 129 92 129 93 164 94 216 95 390 96 129 97 174 98 361 99 139 100 216
1 1 174 2 164 3 164 4 164 5 129 6 174 7 139 8 216 9 390 10 1 11 329 12 216 13 284 14 129 15 164 16 329 17 361 18 129 19 129 20 361 21 1 23 1 24 164 25 129 26 216 27 216 28 174 29 361 30 129 31 216 32 284 33 139 34 216 35 164 36 129 37 174 38 164 39 174 40 216 41 284 42 129 43 390 44 390 45 174 46 129 47 329 48 174 49 329 50 216 51 329 52 129 53 361 54 129 55 329 56 139 57 139 58 216 59 361 60 1 61 129 62 390 63 1 64 139 65 216 66 1 67 129 68 361 69 139 70 361 71 284 72 174 73 284 74 174 75 390 76 164 77 284 78 129 79 139 80 164 81 329 82 329 83 329 84 174 85 216 86 164 87 390 88 361 89 164 90 361 91 129 92 129 93 164 94 216 95 390 96 129 97 174 98 361 99 139 100 216
1 1 174 2 164 3 164 4 164 5 129 6 174 7 139 8 216 9 390 10 1 11 329 12 216 13 284 14 129 15 164 16 329 17 361 18 129 19 129 20 361 21 1 22 1 24 164 25 129 26 216 27 216 28 174 29 361 30 129 31 216 32 284 33 139 34 216 35 164 36 129 37 174 38 164 39 174 40 216 41 284 42 129 43 390 44 390 45 174 46 129 47 329 48 174 49 329 50 216 51 329 52 129 53 361 54 129 55 329 56 139 57 139 58 216 59 361 60 1 61 129 62 390 63 1 64 139 65 216 66 1 67 129 68 361 69 139 70 361 71 284 72 174 73 284 74 174 75 390 76 164 77 284 78 129 79 139 80 164 81 329 82 329 83 329 84 174 85 216 86 164 87 390 88 361 89 164 90 361 91 129 92 129 93 164 94 216 95 390 96 129 97 174 98 361 99 139 100 216
1 1 78 2 1 3 1 4 1 5 136 6 78 7 113 8 168 9 278 10 164 11 231 12 168 13 154 14 136 15 1 16 231 17 254 18 136 19 136 20 254 21 164 22 164 23 164 25 136 26 168 27 168 28 78 29 254 30 136 31 168 32 154 33 113 34 168 35 1 36 136 37 78 38 1 39 78 40 168 41 154 42 136 43 278 44 278 45 78 46 136 47 231 48 78 49 231 50 168 51 231 52 136 53 254 54 136 55 231 56 113 57 113 58 168 59 254 60 164 61 136 62 278 63 164 64 113 65 168 66 164 67 136 68 254 69 113 70 254 71 154 72 78 73 154 74 78 75 278 76 1 77 154 78 136 79 113 80 1 81 231 82 231 83 231 84 78 85 168 86 1 87 278 88 254 89 1 90 254 91 136 92 136 93 1 94 168 95 278 96 136 97 78 98 254 99 113 100 168
1 1 137 2 136 3 136 4 136 5 1 6 137 7 132 8 228 9 355 10 129 11 293 12 228 13 248 14 1 15 136 16 293 17 325 18 1 19 1 20 325 21 129 22 129 23 129 24 136 26 228 27 228 28 137 29 325 30 1 31 228 32 248 33 132 34 228 35 136 36 1 37 137 38 136 39 137 40 228 41 248 42 1 43 355 44 355 45 137 46 1 47 293 48 137 49 293 50 228 51 293 52 1 53 325 54 1 55 293 56 132 57 132 58 228 59 325 60 129 61 1 62 355 63 129 64 132 65 228 66 129 67 1 68 325 69 132 70 325 71 248 72 137 73 248 74 137 75 355 76 136 77 248 78 1 79 132 80 136 81 293 82 293 83 293 84 137 85 228 86 136 87 355 88 325 89 136 90 325 91 1 92 1 93 136 94 228 95 355 96 1 97 137 98 325 99 132 100 228
1 1 213 2 168 3 168 4 168 5 228 6 213 7 126 8 1 9 371 10 216 11 352 12 1 13 279 14 228 15 168 16 352 17 376 18 228 19 228 20 376 21 216 22 216 23 216 24 168 25 228 27 1 28 213 29 376 30 228 31 1 32 279 33 126 34 1 35 168 36 228 37 213 38 168 39 213 40 1 41 279 42 228 43 371 44 371 45 213 46 228 47 352 48 213 49 352 50 1 51 352 52 228 53 376 54 228 55 352 56 126 57 126 58 1 59 376 60 216 61 228 62 371 63 216 64 126 65 1 66 216 67 228 68 376 69 126 70 376 71 279 72 213 73 279 74 213 75 371 76 168 77 279 78 228 79 126 80 168 81 352 82 352 83 352 84 213 85 1 86 168 87 371 88 376 89 168 90 376 91 228 92 228 93 168 94 1 95 371 96 228 97 213 98 376 99 126 100 1
1 1 213 2 168 3 168 4 168 5 228 6 213 7 126 8 1 9 371 10 216 11 352 12 1 13 279 14 228 15 168 16 352 17 376 18 228 19 228 20 376 21 216 22 216 23 216 24 168 25 228 26 1 28 213 29 376 30 228 31 1 32 279 33 126 34 1 35 168 36 228 37 213 38 168 39 213 40 1 41 279 42 228 43 371 44 371 45 213 46 228 47 352 48 213 49 352 50 1 51 352 52 228 53 376 54 228 55 352 56 126 57 126 58 1 59 376 60 216 61 228 62 371 63 216 64 126 65 1 66 216 67 228 68 376 69 126 70 376 71 279 72 213 73 279 74 213 75 371 76 168 77 279 78 228 79 126 80 168 81 352 82 352 83 352 84 213 85 1 86 168 87 371 88 376 89 168 90 376 91 228 92 228 93 168 94 1 95 371 96 228 97 213 98 376 99 126 100 1
1 1 1 2 78 3 78 4 78 5 137 6 1 7 146 8 213 9 271 10 174 11 217 12 213 13 148 14 137 15 78 16 217 17 238 18 137 19 137 20 238 21 174 22 174 23 174 24 78 25 137 26 213 27 213 29 238 30 137 31 213 32 148 33 146 34 213 35 78 36 137 37 1 38 78 39 1 40 213 41 148 42 137 43 271 44 271 45 1 46 137 47 217 48 1 49 217 50 213 51 217 52 137 53 238 54 137 55 217 56 146 57 146 58 213 59 238 60 174 61 137 62 271 63 174 64 146 65 213 66 174 67 137 68 238 69 146 70 238 71 148 72 1 73 148 74 1 75 271 76 78 77 148 78 137 79 146 80 78 81 217 82 217 83 217 84 1 85 213 86 78 87 271 88 238 89 78 90 238 91 137 92 137 93 78 94 213 95 271 96 137 97 1 98 238 99 146 100 213
1 1 238 2 254 3 254 4 254 5 325 6 238 7 340 8 376 9 240 10 361 11 181 12 376 13 132 14 325 15 254 16 181 17 1 18 325 19 325 20 1 21 361 22 361 23 361 24 254 25 325 26 376 27 376 28 238 30 325 31 376 32 132 33 340 34 376 35 254 36 325 37 238 38 254 39 238 40 376 41 132 42 325 43 240 44 240 45 238 46 325 47 181 48 238 49 181 50 376 51 181 52 325 53 1 54 325 55 181 56 340 57 340 58 376 59 1 60 361 61 325 62 240 63 361 64 340 65 376 66 361 67 325 68 1 69 340 70 1 71 132 72 238 73 132 74 238 75 240 76 254 77 132 78 325 79 340 80 254 81 181 82 181 83 181 84 238 85 376 86 254 87 240 88 1 89 254 90 1 91 325 92 325 93 254 94 376 95 240 96 325 97 238 98 1 99 340 100 376
1 1 137 2 136 3 136 4 136 5 1 6 137 7 132 8 228 9 355 10 129 11 293 12 228 13 248 14 1 15 136 16 293 17 325 18 1 19 1 20 325 21 129 22 129 23 129 24 136 25 1 26 228 27 228 28 137 29 325 31 228 32 248 33 132 34 228 35 136 36 1 37 137 38 136 39 137 40 228 41 248 42 1 43 355 44 355 45 137 46 1 47 293 48 137 49 293 50 228 51 293 52 1 53 325 54 1 55 293 56 132 57 132 58 228 59 325 60 129 61 1 62 355 63 129 64 132 65 228 66 129 67 1 68 325 69 132 70 325 71 248 72 137 73 248 74 137 75 355 76 136 77 248 78 1 79 132 80 136 81 293 82 293 83 293 84 137 85 228 86 136 87 355 88 325 89 136 90 325 91 1 92 1 93 136 94 228 95 355 96 1 97 137 98 325 99 132 100 228
1 1 213 2 168 3 168 4 168 5 228 6 213 7 126 8 1 9 371 10 216 11 352 12 1 13 279 14 228 15 168 16 352 17 376 18 228 19 228 20 376 21 216 22 216 23 216 24 168 25 228 26 1 27 1 28 213 29 376 30 228 32 279 33 126 34 1 35 168 36 228 37 213 38 168 39 213 40 1 41 279 42 228 43 371 44 371 45 213 46 228 47 352 48 213 49 352 50 1 51 352 52 228 53 376 54 228 55 352 56 126 57 126 58 1 59 376 60 216 61 228 62 371 63 216 64 126 65 1 66 216 67 228 68 376 69 126 70 376 71 279 72 213 73 279 74 213 75 371 76 168 77 279 78 228 79 126 80 168 81 352 82 352 83 352 84 213 85 1 86 168 87 371 88 376 89 168 90 376 91 228 92 228 93 168 94 1 95 371 96 228 97 213 98 376 99 126 100 1
1 1 148 2 154 3 154 4 154 5 248 6 148 7 242 8 279 9 208 10 284 11 140 12 279 13 1 14 248 15 154 16 140 17 132 18 248 19 248 20 132 21 284 22 284 23 284 24 154 25 248 26 279 27 279 28 148 29 132 30 248 31 279 33 242 34 279 35 154 36 248 37 148 38 154 39 148 40 279 41 1 42 248 43 208 44 208 45 148 46 248 47 140 48 148 49 140 50 279 51 140 52 248 53 132 54 248 55 140 56 242 57 242 58 279 59 132 60 284 61 248 62 208 63 284 64 242 65 279 66 284 67 248 68 132 69 242 70 132 71 1 72 148 73 1 74 148 75 208 76 154 77 1 78 248 79 242 80 154 81 140 82 140 83 140 84 148 85 279 86 154 87 208 88 132 89 154 90 132 91 248 92 248 93 154 94 279 95 208 96 248 97 148 98 132 99 242 100 279
1 1 146 2 113 3 113 4 113 5 132 6 146 7 1 8 126 9 346 10 139 11 304 12 126 13 242 14 132 15 113 16 304 17 340 18 132 19 132 20 340 21 139 22 139 23 139 24 113 25 132 26 126 27 126 28 146 29 340 30 132 31 126 32 242 34 126 35 113 36 132 37 146 38 113 39 146 40 126 41 242 42 132 43 346 44 346 45 146 46 132 47 304 48 146 49 304 50 126 51 304 52 132 53 340 54 132 55 304 56 1 57 1 58 126 59 340 60 139 61 132 62 346 63 139 64 1 65 126 66 139 67 132 68 340 69 1 70 340 71 242 72 146 73 242 74 146 75 346 76 113 77 242 78 132 79 1 80 113 81 304 82 304 83 304 84 146 85 126 86 113 87 346 88 340 89 113 90 340 91 132 92 132 93 113 94 126 95 346 96 132 97 146 98 340 99 1 100 126
1 1 213 2 168 3 168 4 168 5 228 6 213 7 126 8 1 9 371 10 216 11 352 12 1 13 279 14 228 15 168 16 352 17 376 18 228 19 228 20 376 21 216 22 216 23 216 24 168 25 228 26 1 27 1 28 213 29 376 30 228 31 1 32 279 33 126 35 168 36 228 37 213 38 168 39 213 40 1 41 279 42 228 43 371 44 371 45 213 46 228 47 352 48 213 49 352 50 1 51 352 52 228 53 376 54 228 55 352 56 126 57 126 58 1 59 376 60 216 61 228 62 371 63 216 64 126 65 1 66 216 67 228 68 376 69 126 70 376 71 279 72 213 73 279 74 213 75 371 76 168 77 279 78 228 79 126 80 168 81 352 82 352 83 352 84 213 85 1 86 168 87 371 88 376 89 168 90 376 91 228 92 228 93 168 94 1 95 371 96 228 97 213 98 376 99 126 100 1
1 1 78 2 1 3 1 4 1 5 136 6 78 7 113 8 168 9 278 10 164 11 231 12 168 13 154 14 136 15 1 16 231 17 254 18 136 19 136 20 254 21 164 22 164 23 164 24 1 25 136 26 168 27 168 28 78 29 254 30 136 31 168 32 154 33 113 34 168 36 136 37 78 38 1 39 78 40 168 41 154 42 136 43 278 44 278 45 78 46 136 47 231 48 78 49 231 50 168 51 231 52 136 53 254 54 136 55 231 56 113 57 113 58 168 59 254 60 164 61 136 62 278 63 164 64 113 65 168 66 164 67 136 68 254 69 113 70 254 71 154 72 78 73 154 74 78 75 278 76 1 77 154 78 136 79 113 80 1 81 231 82 231 83 231 84 78 85 168 86 1 87 278 88 254 89 1 90 254 91 136 92 136 93 1 94 168 95 278 96 136 97 78 98 254 99 113 100 168
1 1 137 2 136 3 136 4 136 5 1 6 137 7 132 8 228 9 355 10 129 11 293 12 228 13 248 14 1 15 136 16 293 17 325 18 1 19 1 20 325 21 129 22 129 23 129 24 136 25 1 26 228 27 228 28 137 29 325 30 1 31 228 32 248 33 132 34 228 35 136 37 137 38 136 39 137 40 228 41 248 42 1 43 355 44 355 45 137 46 1 47 293 48 137 49 293 50 228 51 293 52 1 53 325 54 1 55 293 56 132 57 132 58 228 59 325 60 129 61 1 62 355 63 129 64 132 65 228 66 129 67 1 68 325 69 132 70 325 71 248 72 137 73 248 74 137 75 355 76 136 77 248 78 1 79 132 80 136 81 293 82 293 83 293 84 137 85 228 86 136 87 355 88 325 89 136 90 325 91 1 92 1 93 136 94 228 95 355 96 1 97 137 98 325 99 132 100 228
1 1 1 2 78 3 78 4 78 5 137 6 1 7 146 8 213 9 271 10 174 11 217 12 213 13 148 14 137 15 78 16 217 17 238 18 137 19 137 20 238 21 174 22 174 23 174 24 78 25 137 26 213 27 213 28 1 29 238 30 137 31 213 32 148 33 146 34 213 35 78 36 137 38 78 39 1 40 213 41 148 42 137 43 271 44 271 45 1 46 137 47 217 48 1 49 217 50 213 51 217 52 137 53 238 54 137 55 217 56 146 57 146 58 213 59 238 60 174 61 137 62 271 63 174 64 146 65 213 66 174 67 137 68 238 69 146 70 238 71 148 72 1 73 148 74 1 75 271 76 78 77 148 78 137 79 146 80 78 81 217 82 217 83 217 84 1 85 213 86 78 87 271 88 238 89 78 90 238 91 137 92 137 93 78 94 213 95 271 96 137 97 1 98 238 99 146 100 213
1 1 78 2 1 3 1 4 1 5 136 6 78 7 113 8 168 9 278 10 164 11 231 12 168 13 154 14 136 15 1 16 231 17 254 18 136 19 136 20 254 21 164 22 164 23 164 24 1 25 136 26 168 27 168 28 78 29 254 30 136 31 168 32 154 33 113 34 168 35 1 36 136 37 78 39 78 40 168 41 154 42 136 43 278 44 278 45 78 46 136 47 231 48 78 49 231 50 168 51 231 52 136 53 254 54 136 55 231 56 113 57 113 58 168 59 254 60 164 61 136 62 278 63 164 64 113 65 168 66 164 67 136 68 254 69 113 70 254 71 154 72 78 73 154 74 78 75 278 76 1 77 154 78 136 79 113 80 1 81 231 82 231 83 231 84 78 85 168 86 1 87 278 88 254 89 1 90 254 91 136 92 136 93 1 94 168 95 278 96 136 97 78 98 254 99 113 100 168
1 1 1 2 78 3 78 4 78 5 137 6 1 7 146 8 213 9 271 10 174 11 217 12 213 13 148 14 137 15 78 16 217 17 238 18 137 19 137 20 238 21 174 22 174 23 174 24 78 25 137 26 213 27 213 28 1 29 238 30 137 31 213 32 148 33 146 34 213 35 78 36 137 37 1 38 78 40 213 41 148 42 137 43 271 44 271 45 1 46 137 47 217 48 1 49 217 50 213 51 217 52 137 53 238 54 137 55 217 56 146 57 146 58 213 59 238 60 174 61 137 62 271 63 174 64 146 65 213 66 174 67 137 68 238 69 146 70 238 71 148 72 1 73 148 74 1 75 271 76 78 77 148 78 137 79 146 80 78 81 217 82 217 83 217 84 1 85 213 86 78 87 271 88 238 89 78 90 238 91 137 92 137 93 78 94 213 95 271 96 137 97 1 98 238 99 146 100 213
1 1 213 2 168 3 168 4 168 5 228 6 213 7 126 8 1 9 371 10 216 11 352 12 1 13 279 14 228 15 168 16 352 17 376 18 228 19 228 20 376 21 216 22 216 23 216 24 168 25 228 26 1 27 1 28 213 29 376 30 228 31 1 32 279 33 126 34 1 35 168 36 228 37 213 38 168 39 213 41 279 42 228 43 371 44 371 45 213 46 228 47 352 48 213 49 352 50 1 51 352 52 228 53 376 54 228 55 352 56 126 57 126 58 1 59 376 60 216 61 228 62 371 63 216 64 126 65 1 66 216 67 228 68 376 69 126 70 376 71 279 72 213 73 279 74 213 75 371 76 168 77 279 78 228 79 126 80 168 81 352 82 352 83 352 84 213 85 1 86 168 87 371 88 376 89 168 90 376 91 228 92 228 93 168 94 1 95 371 96 228 97 213 98 376 99 126 100 1
1 1 148 2 154 3 154 4 154 5 248 6 148 7 242 8 279 9 208 10 284 11 140 12 279 13 1 14 248 15 154 16 140 17 132 18 248 19 248 20 132 21 284 22 284 23 284 24 154 25 248 26 279 27 279 28 148 29 132 30 248 31 279 32 1 33 242 34 279 35 154 36 248 37 148 38 154 39 148 40 279 42 248 43 208 44 208 45 148 46 248 47 140 48 148 49 140 50 279 51 140 52 248 53 132 54 248 55 140 56 242 57 242 58 279 59 132 60 284 61 248 62 208 63 284 64 242 65 279 66 284 67 248 68 132 69 242 70 132 71 1 72 148 73 1 74 148 75 208 76 154 77 1 78 248 79 242 80 154 81 140 82 140 83 140 84 148 85 279 86 154 87 208 88 132 89 154 90 132 91 248 92 248 93 154 94 279 95 208 96 248 97 148 98 132 99 242 100 279
1 1 137 2 136 3 136 4 136 5 1 6 137 7 132 8 228 9 355 10 129 11 293 12 228 13 248 14 1 15 136 16 293 17 325 18 1 19 1 20 325 21 129 22 129 23 129 24 136 25 1 26 228 27 228 28 137 29 325 30 1 31 228 32 248 33 132 34 228 35 136 36 1 37 137 38 136 39 137 40 228 41 248 43 355 44 355 45 137 46 1 47 293 48 137 49 293 50 228 51 293 52 1 53 325 54 1 55 293 56 132 57 132 58 228 59 325 60 129 61 1 62 355 63 129 64 132 65 228 66 129 67 1 68 325 69 132 70 325 71 248 72 137 73 248 74 137 75 355 76 136 77 248 78 1 79 132 80 136 81 293 82 293 83 293 84 137 85 228 86 136 87 355 88 325 89 136 90 325 91 1 92 1 93 136 94 228 95 355 96 1 97 137 98 325 99 132 100 228
1 1 271 2 278 3 278 4 278 5 355 6 271 7 346 8 371 9 1 10 390 11 306 12 371 13 208 14 355 15 278 16 306 17 240 18 355 19 355 20 240 21 390 22 390 23 390 24 278 25 355 26 371 27 371 28 271 29 240 30 355 31 371 32 208 33 346 34 371 35 278 36 355 37 271 38 278 39 271 40 371 41 208 42 355 44 1 45 271 46 355 47 306 48 271 49 306 50 371 51 306 52 355 53 240 54 355 55 306 56 346 57 346 58 371 59 240 60 390 61 355 62 1 63 390 64 346 65 371 66 390 67 355 68 240 69 346 70 240 71 208 72 271 73 208 74 271 75 1 76 278 77 208 78 355 79 346 80 278 81 306 82 306 83 306 84 271 85 371 86 278 87 1 88 240 89 278 90 240 91 355 92 355 93 278 94 371 95 1 96 355 97 271 98 240 99 346 100 371
1 1 271 2 278 3 278 4 278 5 355 6 271 7 346 8 371 9 1 10 390 11 306 12 371 13 208 14 355 15 278 16 306 17 240 18 355 19 355 20 240 21 390 22 390 23 390 24 278 25 355 26 371 27 371 28 271 29 240 30 355 31 371 32 208 33 346 34 371 35 278 36 355 37 271 38 278 39 271 40 371 41 208 42 355 43 1 45 271 46 355 47 306 48 271 49 306 50 371 51 306 52 355 53 240 54 355 55 306 56 346 57 346 58 371 59 240 60 390 61 355 62 1 63 390 64 346 65 371 66 390 67 355 68 240 69 346 70 240 71 208 72 271 73 208 74 271 75 1 76 278 77 208 78 355 79 346 80 278 81 306 82 306 83 306 84 271 85 371 86 278 87 1 88 240 89 278 90 240 91 355 92 355 93 278 94 371 95 1 96 355 97 271 98 240 99 346 100 371
1 1 1 2 78 3 78 4 78 5 137 6 1 7 146 8 213 9 271 10 174 11 217 12 213 13 148 14 137 15 78 16 217 17 238 18 137 19 137 20 238 21 174 22 174 23 174 24 78 25 137 26 213 27 213 28 1 29 238 30 137 31 213 32 148 33 146 34 213 35 78 36 137 37 1 38 78 39 1 40 213 41 148 42 137 43 271 44 271 46 137 47 217 48 1 49 217 50 213 51 217 52 137 53 238 54 137 55 217 56 146 57 146 58 213 59 238 60 174 61 137 62 271 63 174 64 146 65 213 66 174 67 137 68 238 69 146 70 238 71 148 72 1 73 148 74 1 75 271 76 78 77 148 78 137 79 146 80 78 81 217 82 217 83 217 84 1 85 213 86 78 87 271 88 238 89 78 90 238 91 137 92 137 93 78 94 213 95 271 96 137 97 1 98 238 99 146 100 213
1 1 137 2 136 3 136 4 136 5 1 6 137 7 132 8 228 9 355 10 129 11 293 12 228 13 248 14 1 15 136 16 293 17 325 18 1 19 1 20 325 21 129 22 129 23 129 24 136 25 1 26 228 27 228 28 137 29 325 30 1 31 228 32 248 33 132 34 228 35 136 36 1 37 137 38 136 39 137 40 228 41 248 42 1 43 355 44 355 45 137 47 293 48 137 49 293 50 228 51 293 52 1 53 325 54 1 55 293 56 132 57 132 58 228 59 325 60 129 61 1 62 355 63 129 64 132 65 228 66 129 67 1 68 325 69 132 70 325 71 248 72 137 73 248 74 137 75 355 76 136 77 248 78 1 79 132 80 136 81 293 82 293 83 293 84 137 85 228 86 136 87 355 88 325 89 136 90 325 91 1 92 1 93 136 94 228 95 355 96 1 97 137 98 325 99 132 100 228
1 1 217 2 231 3 231 4 231 5 293 6 217 7 304 8 352 9 306 10 329 11 1 12 352 13 140 14 293 15 231 16 1 17 181 18 293 19 293 20 181 21 329 22 329 23 329 24 231 25 293 26 352 27 352 28 217 29 181 30 293 31 352 32 140 33 304 34 352 35 231 36 293 37 217 38 231 39 217 40 352 41 140 42 293 43 306 44 306 45 217 46 293 48 217 49 1 50 352 51 1 52 293 53 181 54 293 55 1 56 304 57 304 58 352 59 181 60 329 61 293 62 306 63 329 64 304 65 352 66 329 67 293 68 181 69 304 70 181 71 140 72 217 73 140 74 217 75 306 76 231 77 140 78 293 79 304 80 231 81 1 82 1 83 1 84 217 85 352 86 231 87 306 88 181 89 231 90 181 91 293 92 293 93 231 94 352 95 306 96 293 97 217 98 181 99 304 100 352
1 1 1 2 78 3 78 4 78 5 137 6 1 7 146 8 213 9 271 10 174 11 217 12 213 13 148 14 137 15 78 16 217 17 238 18 137 19 137 20 238 21 174 22 174 23 174 24 78 25 137 26 213 27 213 28 1 29 238 30 137 31 213 32 148 33 146 34 213 35 78 36 137 37 1 38 78 39 1 40 213 41 148 42 137 43 271 44 271 45 1 46 137 47 217 49 217 50 213 51 217 52 137 53 238 54 137 55 217 56 146 57 146 58 213 59 238 60 174 61 137 62 271 63 174 64 146 65 213 66 174 67 137 68 238 69 146 70 238 71 148 72 1 73 148 74 1 75 271 76 78 77 148 78 137 79 146 80 78 81 217 82 217 83 217 84 1 85 213 86 78 87 271 88 238 89 78 90 238 91 137 92 137 93 78 94 213 95 271 96 137 97 1 98 238 99 146 100 213
1 1 217 2 231 3 231 4 231 5 293 6 217 7 304 8 352 9 306 10 329 11 1 12 352 13 140 14 293 15 231 16 1 17 181 18 293 19 293 20 181 21 329 22 329 23 329 24 231 25 293 26 352 27 352 28 217 29 181 30 293 31 352 32 140 33 304 34 352 35 231 36 293 37 217 38 231 39 217 40 352 41 140 42 293 43 306 44 306 45 217 46 293 47 1 48 217 50 352 51 1 52 293 53 181 54 293 55 1 56 304 57 304 58 352 59 181 60 329 61 293 62 306 63 329 64 304 65 352 66 329 67 293 68 181 69 304 70 181 71 140 72 217 73 140 74 217 75 306 76 231 77 140 78 293 79 304 80 231 81 1 82 1 83 1 84 217 85 352 86 231 87 306 88 181 89 231 90 181 91 293 92 293 93 231 94 352 95 306 96 293 97 217 98 181 99 304 100 352
1 1 213 2 168 3 168 4 168 5 228 6 213 7 126 8 1 9 371 10 216 11 352 12 1 13 279 14 228 15 168 16 352 17 376 18 228 19 228 20 376 21 216 22 216 23 216 24 168 25 228 26 1 27 1 28 213 29 376 30 228 31 1 32 279 33 126 34 1 35 168 36 228 37 213 38 168 39 213 40 1 41 279 42 228 43 371 44 371 45 213 46 228 47 352 48 213 49 352 51 352 52 228 53 376 54 228 55 352 56 126 57 126 58 1 59 376 60 216 61 228 62 371 63 216 64 126 65 1 66 216 67 228 68 376 69 126 70 376 71 279 72 213 73 279 74 213 75 371 76 168 77 279 78 228 79 126 80 168 81 352 82 352 83 352 84 213 85 1 86 168 87 371 88 376 89 168 90 376 91 228 92 228 93 168 94 1 95 371 96 228 97 213 98 376 99 126 100 1
1 1 217 2 231 3 231 4 231 5 293 6 217 7 304 8 352 9 306 10 329 11 1 12 352 13 140 14 293 15 231 16 1 17 181 18 293 19 293 20 181 21 329 22 329 23 329 24 231 25 293 26 352 27 352 28 217 29 181 30 293 31 352 32 140 33 304 34 352 35 231 36 293 37 217 38 231 39 217 40 352 41 140 42 293 43 306 44 306 45 217 46 293 47 1 48 217 49 1 50 352 52 293 53 181 54 293 55 1 56 304 57 304 58 352 59 181 60 329 61 293 62 306 63 329 64 304 65 352 66 329 67 293 68 181 69 304 70 181 71 140 72 217 73 140 74 217 75 306 76 231 77 140 78 293 79 304 80 231 81 1 82 1 83 1 84 217 85 352 86 231 87 306 88 181 89 231 90 181 91 293 92 293 93 231 94 352 95 306 96 293 97 217 98 181 99 304 100 352
1 1 137 2 136 3 136 4 136 5 1 6 137 7 132 8 228 9 355 10 129 11 293 12 228 13 248 14 1 15 136 16 293 17 325 18 1 19 1 20 325 21 129 22 129 23 129 24 136 25 1 26 228 27 228 28 137 29 325 30 1 31 228 32 248 33 132 34 228 35 136 36 1 37 137 38 136 39 137 40 228 41 248 42 1 43 355 44 355 45 137 46 1 47 293 48 137 49 293 50 228 51 293 53 325 54 1 55 293 56 132 57 132 58 228 59 325 60 129 61 1 62 355 63 129 64 132 65 228 66 129 67 1 68 325 69 132 70 325 71 248 72 137 73 248 74 137 75 355 76 136 77 248 78 1 79 132 80 136 81 293 82 293 83 293 84 137 85 228 86 136 87 355 88 325 89 136 90 325 91 1 92 1 93 136 94 228 95 355 96 1 97 137 98 325 99 132 100 228
1 1 238 2 254 3 254 4 254 5 325 6 238 7 340 8 376 9 240 10 361 11 181 12 376 13 132 14 325 15 254 16 181 17 1 18 325 19 325 20 1 21 361 22 361 23 361 24 254 25 325 26 376 27 376 28 238 29 1 30 325 31 376 32 132 33 340 34 376 35 254 36 325 37 238 38 254 39 238 40 376 41 132 42 325 43 240 44 240 45 238 46 325 47 181 48 238 49 181 50 376 51 181 52 325 54 325 55 181 56 340 57 340 58 376 59 1 60 361 61 325 62 240 63 361 64 340 65 376 66 361 67 325 68 1 69 340 70 1 71 132 72 238 73 132 74 238 75 240 76 254 77 132 78 325 79 340 80 254 81 181 82 181 83 181 84 238 85 376 86 254 87 240 88 1 89 254 90 1 91 325 92 325 93 254 94 376 95 240 96 325 97 238 98 1 99 340 100 376
1 1 137 2 136 3 136 4 136 5 1 6 137 7 132 8 228 9 355 10 129 11 293 12 228 13 248 14 1 15 136 16 293 17 325 18 1 19 1 20 325 21 129 22 129 23 129 24 136 25 1 26 228 27 228 28 137 29 325 30 1 31 228 32 248 33 132 34 228 35 136 36 1 37 137 38 136 39 137 40 228 41 248 42 1 43 355 44 355 45 137 46 1 47 293 48 137 49 293 50 228 51 293 52 1 53 325 55 293 56 132 57 132 58 228 59 325 60 129 61 1 62 355 63 129 64 132 65 228 66 129 67 1 68 325 69 132 70 325 71 248 72 137 73 248 74 137 75 355 76 136 77 248 78 1 79 132 80 136 81 293 82 293 83 293 84 137 85 228 86 136 87 355 88 325 89 136 90 325 91 1 92 1 93 136 94 228 95 355 96 1 97 137 98 325 99 132 100 228
1 1 217 2 231 3 231 4 231 5 293 6 217 7 304 8 352 9 306 10 329 11 1 12 352 13 140 14 293 15 231 16 1 17 181 18 293 19 293 20 181 21 329 22 329 23 329 24 231 25 293 26 352 27 352 28 217 29 181 30 293 31 352 32 140 33 304 34 352 35 231 36 293 37 217 38 231 39 217 40 352 41 140 42 293 43 306 44 306 45 217 46 293 47 1 48 217 49 1 50 352 51 1 52 293 53 181 54 293 56 304 57 304 58 352 59 181 60 329 61 293 62 306 63 329 64 304 65 352 66 329 67 293 68 181 69 304 70 181 71 140 72 217 73 140 74 217 75 306 76 231 77 140 78 293 79 304 80 231 81 1 82 1 83 1 84 217 85 352 86 231 87 306 88 181 89 231 90 181 91 293 92 293 93 231 94 352 95 306 96 293 97 217 98 181 99 304 100 352
1 1 146 2 113 3 113 4 113 5 132 6 146 7 1 8 126 9 346 10 139 11 304 12 126 13 242 14 132 15 113 16 304 17 340 18 132 19 132 20 340 21 139 22 139 23 139 24 113 25 132 26 126 27 126 28 146 29 340 30 132 31 126 32 242 33 1 34 126 35 113 36 132 37 146 38 113 39 146 40 126 41 242 42 132 43 346 44 346 45 146 46 132 47 304 48 146 49 304 50 126 51 304 52 132 53 340 54 132 55 304 57 1 58 126 59 340 60 139 61 132 62 346 63 139 64 1 65 126 66 139 67 132 68 340 69 1 70 340 71 242 72 146 73 242 74 146 75 346 76 113 77 242 78 132 79 1 80 113 81 304 82 304 83 304 84 146 85 126 86 113 87 346 88 340 89 113 90 340 91 132 92 132 93 113 94 126 95 346 96 132 97 146 98 340 99 1 100 126
1 1 146 2 113 3 113 4 113 5 132 6 146 7 1 8 126 9 346 10 139 11 304 12 126 13 242 14 132 15 113 16 304 17 340 18 132 19 132 20 340 21 139 22 139 23 139 24 113 25 132 26 126 27 126 28 146 29 340 30 132 31 126 32 242 33 1 34 126 35 113 36 132 37 146 38 113 39 146 40 126 41 242 42 132 43 346 44 346 45 146 46 132 47 304 48 146 49 304 50 126 51 304 52 132 53 340 54 132 55 304 56 1 58 126 59 340 60 139 61 132 62 346 63 139 64 1 65 126 66 139 67 132 68 340 69 1 70 340 71 242 72 146 73 242 74 146 75 346 76 113 77 242 78 132 79 1 80 113 81 304 82 304 83 304 84 146 85 126 86 113 87 346 88 340 89 113 90 340 91 132 92 132 93 113 94 126 95 346 96 132 97 146 98 340 99 1 100 126
1 1 213 2 168 3 168 4 168 5 228 6 213 7 126 8 1 9 371 10 216 11 352 12 1 13 279 14 228 15 168 16 352 17 376 18 228 19 228 20 376 21 216 22 216 23 216 24 168 25 228 26 1 27 1 28 213 29 376 30 228 31 1 32 279 33 126 34 1 35 168 36 228 37 213 38 168 39 213 40 1 41 279 42 228 43 371 44 371 45 213 46 228 47 352 48 213 49 352 50 1 51 352 52 228 53 376 54 228 55 352 56 126 57 126 59 376 60 216 61 228 62 371 63 216 64 126 65 1 66 216 67 228 68 376 69 126 70 376 71 279 72 213 73 279 74 213 75 371 76 168 77 279 78 228 79 126 80 168 81 352 82 352 83 352 84 213 85 1 86 168 87 371 88 376 89 168 90 376 91 228 92 228 93 168 94 1 95 371 96 228 97 213 98 376 99 126 100 1
1 1 238 2 254 3 254 4 254 5 325 6 238 7 340 8 376 9 240 10 361 11 181 12 376 13 132 14 325 15 254 16 181 17 1 18 325 19 325 20 1 21 361 22 361 23 361 24 254 25 325 26 376 27 376 28 238 29 1 30 325 31 376 32 132 33 340 34 376 35 254 36 325 37 238 38 254 39 238 40 376 41 132 42 325 43 240 44 240 45 238 46 325 47 181 48 238 49 181 50 376 51 181 52 325 53 1 54 325 55 181 56 340 57 340 58 376 60 361 61 325 62 240 63 361 64 340 65 376 66 361 67 325 68 1 69 340 70 1 71 132 72 238 73 132 74 238 75 240 76 254 77 132 78 325 79 340 80 254 81 181 82 181 83 181 84 238 85 376 86 254 87 240 88 1 89 254 90 1 91 325 92 325 93 254 94 376 95 240 96 325 97 238 98 1 99 340 100 376
1 1 174 2 164 3 164 4 164 5 129 6 174 7 139 8 216 9 390 10 1 11 329 12 216 13 284 14 129 15 164 16 329 17 361 18 129 19 129 20 361 21 1 22 1 23 1 24 164 25 129 26 216 27 216 28 174 29 361 30 129 31 216 32 284 33 139 34 216 35 164 36 129 37 174 38 164 39 174 40 216 41 284 42 129 43 390 44 390 45 174 46 129 47 329 48 174 49 329 50 216 51 329 52 129 53 361 54 129 55 329 56 139 57 139 58 216 59 361 61 129 62 390 63 1 64 139 65 216 66 1 67 129 68 361 69 139 70 361 71 284 72 174 73 284 74 174 75 390 76 164 77 284 78 129 79 139 80 164 81 329 82 329 83 329 84 174 85 216 86 164 87 390 88 361 89 164 90 361 91 129 92 129 93 164 94 216 95 390 96 129 97 174 98 361 99 139 100 216
1 1 137 2 136 3 136 4 136 5 1 6 137 7 132 8 228 9 355 10 129 11 293 12 228 13 248 14 1 15 136 16 293 17 325 18 1 19 1 20 325 21 129 22 129 23 129 24 136 25 1 26 228 27 228 28 137 29 325 30 1 31 228 32 248 33 132 34 228 35 136 36 1 37 137 38 136 39 137 40 228 41 248 42 1 43 355 44 355 45 137 46 1 47 293 48 137 49 293 50 228 51 293 52 1 53 325 54 1 55 293 56 132 57 132 58 228 59 325 60 129 62 355 63 129 64 132 65 228 66 129 67 1 68 325 69 132 70 325 71 248 72 137 73 248 74 137 75 355 76 136 77 248 78 1 79 132 80 136 81 293 82 293 83 293 84 137 85 228 86 136 87 355 88 325 89 136 90 325 91 1 92 1 93 136 94 228 95 355 96 1 97 137 98 325 99 132 100 228
1 1 271 2 278 3 278 4 278 5 355 6 271 7 346 8 371 9 1 10 390 11 306 12 371 13 208 14 355 15 278 16 306 17 240 18 355 19 355 20 240 21 390 22 390 23 390 24 278 25 355 26 371 27 371 28 271 29 240 30 355 31 371 32 208 33 346 34 371 35 278 36 355 37 271 38 278 39 271 40 371 41 208 42 355 43 1 44 1 45 271 46 355 47 306 48 271 49 306 50 371 51 306 52 355 53 240 54 355 55 306 56 346 57 346 58 371 59 240 60 390 61 355 63 390 64 346 65 371 66 390 67 355 68 240 69 346 70 240 71 208 72 271 73 208 74 271 75 1 76 278 77 208 78 355 79 346 80 278 81 306 82 306 83 306 84 271 85 371 86 278 87 1 88 240 89 278 90 240 91 355 92 355 93 278 94 371 95 1 96 355 97 271 98 240 99 346 100 371
1 1 174 2 164 3 164 4 164 5 129 6 174 7 139 8 216 9 390 10 1 11 329 12 216 13 284 14 129 15 164 16 329 17 361 18 129 19 129 20 361 21 1 22 1 23 1 24 164 25 129 26 216 27 216 28 174 29 361 30 129 31 216 32 284 33 139 34 216 35 164 36 129 37 174 38 164 39 174 40 216 41 284 42 129 43 390 44 390 45 174 46 129 47 329 48 174 49 329 50 216 51 329 52 129 53 361 54 129 55 329 56 139 57 139 58 216 59 361 60 1 61 129 62 390 64 139 65 216 66 1 67 129 68 361 69 139 70 361 71 284 72 174 73 284 74 174 75 390 76 164 77 284 78 129 79 139 80 164 81 329 82 329 83 329 84 174 85 216 86 164 87 390 88 361 89 164 90 361 91 129 92 129 93 164 94 216 95 390 96 129 97 174 98 361 99 139 100 216
1 1 146 2 113 3 113 4 113 5 132 6 146 7 1 8 126 9 346 10 139 11 304 12 126 13 242 14 132 15 113 16 304 17 340 18 132 19 132 20 340 21 139 22 139 23 139 24 113 25 132 26 126 27 126 28 146 29 340 30 132 31 126 32 242 33 1 34 126 35 113 36 132 37 146 38 113 39 146 40 126 41 242 42 132 43 346 44 346 45 146 46 132 47 304 48 146 49 304 50 126 51 304 52 132 53 340 54 132 55 304 56 1 57 1 58 126 59 340 60 139 61 132 62 346 63 139 65 126 66 139 67 132 68 340 69 1 70 340 71 242 72 146 73 242 74 146 75 346 76 113 77 242 78 132 79 1 80 113 81 304 82 304 83 304 84 146 85 126 86 113 87 346 88 340 89 113 90 340 91 132 92 132 93 113 94 126 95 346 96 132 97 146 98 340 99 1 100 126
1 1 213 2 168 3 168 4 168 5 228 6 213 7 126 8 1 9 371 10 216 11 352 12 1 13 279 14 228 15 168 16 352 17 376 18 228 19 228 20 376 21 216 22 216 23 216 24 168 25 228 26 1 27 1 28 213 29 376 30 228 31 1 32 279 33 126 34 1 35 168 36 228 37 213 38 168 39 213 40 1 41 279 42 228 43 371 44 371 45 213 46 228 47 352 48 213 49 352 50 1 51 352 52 228 53 376 54 228 55 352 56 126 57 126 58 1 59 376 60 216 61 228 62 371 63 216 64 126 66 216 67 228 68 376 69 126 70 376 71 279 72 213 73 279 74 213 75 371 76 168 77 279 78 228 79 126 80 168 81 352 82 352 83 352 84 213 85 1 86 168 87 371 88 376 89 168 90 376 91 228 92 228 93 168 94 1 95 371 96 228 97 213 98 376 99 126 100 1
1 1 174 2 164 3 164 4 164 5 129 6 174 7 139 8 216 9 390 10 1 11 329 12 216 13 284 14 129 15 164 16 329 17 361 18 129 19 129 20 361 21 1 22 1 23 1 24 164 25 129 26 216 27 216 28 174 29 361 30 129 31 216 32 284 33 139 34 216 35 164 36 129 37 174 38 164 39 174 40 216 41 284 42 129 43 390 44 390 45 174 46 129 47 329 48 174 49 329 50 216 51 329 52 129 53 361 54 129 55 329 56 139 57 139 58 216 59 361 60 1 61 129 62 390 63 1 64 139 65 216 67 129 68 361 69 139 70 361 71 284 72 174 73 284 74 174 75 390 76 164 77 284 78 129 79 139 80 164 81 329 82 329 83 329 84 174 85 216 86 164 87 390 88 361 89 164 90 361 91 129 92 129 93 164 94 216 95 390 96 129 97 174 98 361 99 139 100 216
1 1 137 2 136 3 136 4 136 5 1 6 137 7 132 8 228 9 355 10 129 11 293 12 228 13 248 14 1 15 136 16 293 17 325 18 1 19 1 20 325 21 129 22 129 23 129 24 136 25 1 26 228 27 228 28 137 29 325 30 1 31 228 32 248 33 132 34 228 35 136 36 1 37 137 38 136 39 137 40 228 41 248 42 1 43 355 44 355 45 137 46 1 47 293 48 137 49 293 50 228 51 293 52 1 53 325 54 1 55 293 56 132 57 132 58 228 59 325 60 129 61 1 62 355 63 129 64 132 65 228 66 129 68 325 69 132 70 325 71 248 72 137 73 248 74 137 75 355 76 136 77 248 78 1 79 132 80 136 81 293 82 293 83 293 84 137 85 228 86 136 87 355 88 325 89 136 90 325 91 1 92 1 93 136 94 228 95 355 96 1 97 137 98 325 99 132 100 228
1 1 238 2 254 3 254 4 254 5 325 6 238 7 340 8 376 9 240 10 361 11 181 12 376 13 132 14 325 15 254 16 181 17 1 18 325 19 325 20 1 21 361 22 361 23 361 24 254 25 325 26 376 27 376 28 238 29 1 30 325 31 376 32 132 33 340 34 376 35 254 36 325 37 238 38 254 39 238 40 376 41 132 42 325 43 240 44 240 45 238 46 325 47 181 48 238 49 181 50 376 51 181 52 325 53 1 54 325 55 181 56 340 57 340 58 376 59 1 60 361 61 325 62 240 63 361 64 340 65 376 66 361 67 325 69 340 70 1 71 132 72 238 73 132 74 238 75 240 76 254 77 132 78 325 79 340 80 254 81 181 82 181 83 181 84 238 85 376 86 254 87 240 88 1 89 254 90 1 91 325 92 325 93 254 94 376 95 240 96 325 97 238 98 1 99 340 100 376
1 1 146 2 113 3 113 4 113 5 132 6 146 7 1 8 126 9 346 10 139 11 304 12 126 13 242 14 132 15 113 16 304 17 340 18 132 19 132 20 340 21 139 22 139 23 139 24 113 25 132 26 126 27 126 28 146 29 340 30 132 31 126 32 242 33 1 34 126 35 113 36 132 37 146 38 113 39 146 40 126 41 242 42 132 43 346 44 346 45 146 46 132 47 304 48 146 49 304 50 126 51 304 52 132 53 340 54 132 55 304 56 1 57 1 58 126 59 340 60 139 61 132 62 346 63 139 64 1 65 126 66 139 67 132 68 340 70 340 71 242 72 146 73 242 74 146 75 346 76 113 77 242 78 132 79 1 80 113 81 304 82 304 83 304 84 146 85 126 86 113 87 346 88 340 89 113 90 340 91 132 92 132 93 113 94 126 95 346 96 132 97 146 98 340 99 1 100 126
1 1 238 2 254 3 254 4 254 5 325 6 238 7 340 8 376 9 240 10 361 11 181 12 376 13 132 14 325 15 254 16 181 17 1 18 325 19 325 20 1 21 361 22 361 23 361 24 254 25 325 26 376 27 376 28 238 29 1 30 325 31 376 32 132 33 340 34 376 35 254 36 325 37 238 38 254 39 238 40 376 41 132 42 325 43 240 44 240 45 238 46 325 47 181 48 238 49 181 50 376 51 181 52 325 53 1 54 325 55 181 56 340 57 340 58 376 59 1 60 361 61 325 62 240 63 361 64 340 65 376 66 361 67 325 68 1 69 340 71 132 72 238 73 132 74 238 75 240 76 254 77 132 78 325 79 340 80 254 81 181 82 181 83 181 84 238 85 376 86 254 87 240 88 1 89 254 90 1 91 325 92 325 93 254 94 376 95 240 96 325 97 238 98 1 99 340 100 376
1 1 148 2 154 3 154 4 154 5 248 6 148 7 242 8 279 9 208 10 284 11 140 12 279 13 1 14 248 15 154 16 140 17 132 18 248 19 248 20 132 21 284 22 284 23 284 24 154 25 248 26 279 27 279 28 148 29 132 30 248 31 279 32 1 33 242 34 279 35 154 36 248 37 148 38 154 39 148 40 279 41 1 42 248 43 208 44 208 45 148 46 248 47 140 48 148 49 140 50 279 51 140 52 248 53 132 54 248 55 140 56 242 57 242 58 279 59 132 60 284 61 248 62 208 63 284 64 242 65 279 66 284 67 248 68 132 69 242 70 132 72 148 73 1 74 148 75 208 76 154 77 1 78 248 79 242 80 154 81 140 82 140 83 140 84 148 85 279 86 154 87 208 88 132 89 154 90 132 91 248 92 248 93 154 94 279 95 208 96 248 97 148 98 132 99 242 100 279
1 1 1 2 78 3 78 4 78 5 137 6 1 7 146 8 213 9 271 10 174 11 217 12 213 13 148 14 137 15 78 16 217 17 238 18 137 19 137 20 238 21 174 22 174 23 174 24 78 25 137 26 213 27 213 28 1 29 238 30 137 31 213 32 148 33 146 34 213 35 78 36 137 37 1 38 78 39 1 40 213 41 148 42 137 43 271 44 271 45 1 46 137 47 217 48 1 49 217 50 213 51 217 52 137 53 238 54 137 55 217 56 146 57 146 58 213 59 238 60 174 61 137 62 271 63 174 64 146 65 213 66 174 67 137 68 238 69 146 70 238 71 148 73 148 74 1 75 271 76 78 77 148 78 137 79 146 80 78 81 217 82 217 83 217 84 1 85 213 86 78 87 271 88 238 89 78 90 238 91 137 92 137 93 78 94 213 95 271 96 137 97 1 98 238 99 146 100 213
1 1 148 2 154 3 154 4 154 5 248 6 148 7 242 8 279 9 208 10 284 11 140 12 279 13 1 14 248 15 154 16 140 17 132 18 248 19 248 20 132 21 284 22 284 23 284 24 154 25 248 26 279 27 279 28 148 29 132 30 248 31 279 32 1 33 242 34 279 35 154 36 248 37 148 38 154 39 148 40 279 41 1 42 248 43 208 44 208 45 148 46 248 47 140 48 148 49 140 50 279 51 140 52 248 53 132 54 248 55 140 56 242 57 242 58 279 59 132 60 284 61 248 62 208 63 284 64 242 65 279 66 284 67 248 68 132 69 242 70 132 71 1 72 148 74 148 75 208 76 154 77 1 78 248 79 242 80 154 81 140 82 140 83 140 84 148 85 279 86 154 87 208 88 132 89 154 90 132 91 248 92 248 93 154 94 279 95 208 96 248 97 148 98 132 99 242 100 279
1 1 1 2 78 3 78 4 78 5 137 6 1 7 146 8 213 9 271 10 174 11 217 12 213 13 148 14 137 15 78 16 217 17 238 18 137 19 137 20 238 21 174 22 174 23 174 24 78 25 137 26 213 27 213 28 1 29 238 30 137 31 213 32 148 33 146 34 213 35 78 36 137 37 1 38 78 39 1 40 213 41 148 42 137 43 271 44 271 45 1 46 137 47 217 48 1 49 217 50 213 51 217 52 137 53 238 54 137 55 217 56 146 57 146 58 213 59 238 60 174 61 137 62 271 63 174 64 146 65 213 66 174 67 137 68 238 69 146 70 238 71 148 72 1 73 148 75 271 76 78 77 148 78 137 79 146 80 78 81 217 82 217 83 217 84 1 85 213 86 78 87 271 88 238 89 78 90 238 91 137 92 137 93 78 94 213 95 271 96 137 97 1 98 238 99 146 100 213
1 1 271 2 278 3 278 4 278 5 355 6 271 7 346 8 371 9 1 10 390 11 306 12 371 13 208 14 355 15 278 16 306 17 240 18 355 19 355 20 240 21 390 22 390 23 390 24 278 25 355 26 371 27 371 28 271 29 240 30 355 31 371 32 208 33 346 34 371 35 278 36 355 37 271 38 278 39 271 40 371 41 208 42 355 43 1 44 1 45 271 46 355 47 306 48 271 49 306 50 371 51 306 52 355 53 240 54 355 55 306 56 346 57 346 58 371 59 240 60 390 61 355 62 1 63 390 64 346 65 371 66 390 67 355 68 240 69 346 70 240 71 208 72 271 73 208 74 271 76 278 77 208 78 355 79 346 80 278 81 306 82 306 83 306 84 271 85 371 86 278 87 1 88 240 89 278 90 240 91 355 92 355 93 278 94 371 95 1 96 355 97 271 98 240 99 346 100 371
1 1 78 2 1 3 1 4 1 5 136 6 78 7 113 8 168 9 278 10 164 11 231 12 168 13 154 14 136 15 1 16 231 17 254 18 136 19 136 20 254 21 164 22 164 23 164 24 1 25 136 26 168 27 168 28 78 29 254 30 136 31 168 32 154 33 113 34 168 35 1 36 136 37 78 38 1 39 78 40 168 41 154 42 136 43 278 44 278 45 78 46 136 47 231 48 78 49 231 50 168 51 231 52 136 53 254 54 136 55 231 56 113 57 113 58 168 59 254 60 164 61 136 62 278 63 164 64 113 65 168 66 164 67 136 68 254 69 113 70 254 71 154 72 78 73 154 74 78 75 278 77 154 78 136 79 113 80 1 81 231 82 231 83 231 84 78 85 168 86 1 87 278 88 254 89 1 90 254 91 136 92 136 93 1 94 168 95 278 96 136 97 78 98 254 99 113 100 168
1 1 148 2 154 3 154 4 154 5 248 6 148 7 242 8 279 9 208 10 284 11 140 12 279 13 1 14 248 15 154 16 140 17 132 18 248 19 248 20 132 21 284 22 284 23 284 24 154 25 248 26 279 27 279 28 148 29 132 30 248 31 279 32 1 33 242 34 279 35 154 36 248 37 148 38 154 39 148 40 279 41 1 42 248 43 208 44 208 45 148 46 248 47 140 48 148 49 140 50 279 51 140 52 248 53 132 54 248 55 140 56 242 57 242 58 279 59 132 60 284 61 248 62 208 63 284 64 242 65 279 66 284 67 248 68 132 69 242 70 132 71 1 72 148 73 1 74 148 75 208 76 154 78 248 79 242 80 154 81 140 82 140 83 140 84 148 85 279 86 154 87 208 88 132 89 154 90 132 91 248 92 248 93 154 94 279 95 208 96 248 97 148 98 132 99 242 100 279
1 1 137 2 136 3 136 4 136 5 1 6 137 7 132 8 228 9 355 10 129 11 293 12 228 13 248 14 1 15 136 16 293 17 325 18 1 19 1 20 325 21 129 22 129 23 129 24 136 25 1 26 228 27 228 28 137 29 325 30 1 31 228 32 248 33 132 34 228 35 136 36 1 37 137 38 136 39 137 40 228 41 248 42 1 43 355 44 355 45 137 46 1 47 293 48 137 49 293 50 228 51 293 52 1 53 325 54 1 55 293 56 132 57 132 58 228 59 325 60 129 61 1 62 355 63 129 64 132 65 228 66 129 67 1 68 325 69 132 70 325 71 248 72 137 73 248 74 137 75 355 76 136 77 248 79 132 80 136 81 293 82 293 83 293 84 137 85 228 86 136 87 355 88 325 89 136 90 325 91 1 92 1 93 136 94 228 95 355 96 1 97 137 98 325 99 132 100 228
1 1 146 2 113 3 113 4 113 5 132 6 146 7 1 8 126 9 346 10 139 11 304 12 126 13 242 14 132 15 113 16 304 17 340 18 132 19 132 20 340 21 139 22 139 23 139 24 113 25 132 26 126 27 126 28 146 29 340 30 132 31 126 32 242 33 1 34 126 35 113 36 132 37 146 38 113 39 146 40 126 41 242 42 132 43 346 44 346 45 146 46 132 47 304 48 146 49 304 50 126 51 304 52 132 53 340 54 132 55 304 56 1 57 1 58 126 59 340 60 139 61 132 62 346 63 139 64 1 65 126 66 139 67 132 68 340 69 1 70 340 71 242 72 146 73 242 74 146 75 346 76 113 77 242 78 132 80 113 81 304 82 304 83 304 84 146 85 126 86 113 87 346 88 340 89 113 90 340 91 132 92 132 93 113 94 126 95 346 96 132 97 146 98 340 99 1 100 126
1 1 78 2 1 3 1 4 1 5 136 6 78 7 113 8 168 9 278 10 164 11 231 12 168 13 154 14 136 15 1 16 231 17 254 18 136 19 136 20 254 21 164 22 164 23 164 24 1 25 136 26 168 27 168 28 78 29 254 30 136 31 168 32 154 33 113 34 168 35 1 36 136 37 78 38 1 39 78 40 168 41 154 42 136 43 278 44 278 45 78 46 136 47 231 48 78 49 231 50 168 51 231 52 136 53 254 54 136 55 231 56 113 57 113 58 168 59 254 60 164 61 136 62 278 63 164 64 113 65 168 66 164 67 136 68 254 69 113 70 254 71 154 72 78 73 154 74 78 75 278 76 1 77 154 78 136 79 113 81 231 82 231 83 231 84 78 85 168 86 1 87 278 88 254 89 1 90 254 91 136 92 136 93 1 94 168 95 278 96 136 97 78 98 254 99 113 100 168
1 1 217 2 231 3 231 4 231 5 293 6 217 7 304 8 352 9 306 10 329 11 1 12 352 13 140 14 293 15 231 16 1 17 181 18 293 19 293 20 181 21 329 22 329 23 329 24 231 25 293 26 352 27 352 28 217 29 181 30 293 31 352 32 140 33 304 34 352 35 231 36 293 37 217 38 231 39 217 40 352 41 140 42 293 43 306 44 306 45 217 46 293 47 1 48 217 49 1 50 352 51 1 52 293 53 181 54 293 55 1 56 304 57 304 58 352 59 181 60 329 61 293 62 306 63 329 64 304 65 352 66 329 67 293 68 181 69 304 70 181 71 140 72 217 73 140 74 217 75 306 76 231 77 140 78 293 79 304 80 231 82 1 83 1 84 217 85 352 86 231 87 306 88 181 89 231 90 181 91 293 92 293 93 231 94 352 95 306 96 293 97 217 98 181 99 304 100 352
1 1 217 2 231 3 231 4 231 5 293 6 217 7 304 8 352 9 306 10 329 11 1 12 352 13 140 14 293 15 231 16 1 17 181 18 293 19 293 20 181 21 329 22 329 23 329 24 231 25 293 26 352 27 352 28 217 29 181 30 293 31 352 32 140 33 304 34 352 35 231 36 293 37 217 38 231 39 217 40 352 41 140 42 293 43 306 44 306 45 217 46 293 47 1 48 217 49 1 50 352 51 1 52 293 53 181 54 293 55 1 56 304 57 304 58 352 59 181 60 329 61 293 62 306 63 329 64 304 65 352 66 329 67 293 68 181 69 304 70 181 71 140 72 217 73 140 74 217 75 306 76 231 77 140 78 293 79 304 80 231 81 1 83 1 84 217 85 352 86 231 87 306 88 181 89 231 90 181 91 293 92 293 93 231 94 352 95 306 96 293 97 217 98 181 99 304 100 352
1 1 217 2 231 3 231 4 231 5 293 6 217 7 304 8 352 9 306 10 329 11 1 12 352 13 140 14 293 15 231 16 1 17 181 18 293 19 293 20 181 21 329 22 329 23 329 24 231 25 293 26 352 27 352 28 217 29 181 30 293 31 352 32 140 33 304 34 352 35 231 36 293 37 217 38 231 39 217 40 352 41 140 42 293 43 306 44 306 45 217 46 293 47 1 48 217 49 1 50 352 51 1 52 293 53 181 54 293 55 1 56 304 57 304 58 352 59 181 60 329 61 293 62 306 63 329 64 304 65 352 66 329 67 293 68 181 69 304 70 181 71 140 72 217 73 140 74 217 75 306 76 231 77 140 78 293 79 304 80 231 81 1 82 1 84 217 85 352 86 231 87 306 88 181 89 231 90 181 91 293 92 293 93 231 94 352 95 306 96 293 97 217 98 181 99 304 100 352
1 1 1 2 78 3 78 4 78 5 137 6 1 7 146 8 213 9 271 10 174 11 217 12 213 13 148 14 137 15 78 16 217 17 238 18 137 19 137 20 238 21 174 22 174 23 174 24 78 25 137 26 213 27 213 28 1 29 238 30 137 31 213 32 148 33 146 34 213 35 78 36 137 37 1 38 78 39 1 40 213 41 148 42 137 43 271 44 271 45 1 46 137 47 217 48 1 49 217 50 213 51 217 52 137 53 238 54 137 55 217 56 146 57 146 58 213 59 238 60 174 61 137 62 271 63 174 64 146 65 213 66 174 67 137 68 238 69 146 70 238 71 148 72 1 73 148 74 1 75 271 76 78 77 148 78 137 79 146 80 78 81 217 82 217 83 217 85 213 86 78 87 271 88 238 89 78 90 238 91 137 92 137 93 78 94 213 95 271 96 137 97 1 98 238 99 146 100 213
1 1 213 2 168 3 168 4 168 5 228 6 213 7 126 8 1 9 371 10 216 11 352 12 1 13 279 14 228 15 168 16 352 17 376 18 228 19 228 20 376 21 216 22 216 23 216 24 168 25 228 26 1 27 1 28 213 29 376 30 228 31 1 32 279 33 126 34 1 35 168 36 228 37 213 38 168 39 213 40 1 41 279 42 228 43 371 44 371 45 213 46 228 47 352 48 213 49 352 50 1 51 352 52 228 53 376 54 228 55 352 56 126 57 126 58 1 59 376 60 216 61 228 62 371 63 216 64 126 65 1 66 216 67 228 68 376 69 126 70 376 71 279 72 213 73 279 74 213 75 371 76 168 77 279 78 228 79 126 80 168 81 352 82 352 83 352 84 213 86 168 87 371 88 376 89 168 90 376 91 228 92 228 93 168 94 1 95 371 96 228 97 213 98 376 99 126 100 1
1 1 78 2 1 3 1 4 1 5 136 6 78 7 113 8 168 9 278 10 164 11 231 12 168 13 154 14 136 15 1 16 231 17 254 18 136 19 136 20 254 21 164 22 164 23 164 24 1 25 136 26 168 27 168 28 78 29 254 30 136 31 168 32 154 33 113 34 168 35 1 36 136 37 78 38 1 39 78 40 168 41 154 42 136 43 278 44 278 45 78 46 136 47 231 48 78 49 231 50 168 51 231 52 136 53 254 54 136 55 231 56 113 57 113 58 168 59 254 60 164 61 136 62 278 63 164 64 113 65 168 66 164 67 136 68 254 69 113 70 254 71 154 72 78 73 154 74 78 75 278 76 1 77 154 78 136 79 113 80 1 81 231 82 231 83 231 84 78 85 168 87 278 88 254 89 1 90 254 91 136 92 136 93 1 94 168 95 278 96 136 97 78 98 254 99 113 100 168
1 1 271 2 278 3 278 4 278 5 355 6 271 7 346 8 371 9 1 10 390 11 306 12 371 13 208 14 355 15 278 16 306 17 240 18 355 19 355 20 240 21 390 22 390 23 390 24 278 25 355 26 371 27 371 28 271 29 240 30 355 31 371 32 208 33 346 34 371 35 278 36 355 37 271 38 278 39 271 40 371 41 208 42 355 43 1 44 1 45 271 46 355 47 306 48 271 49 306 50 371 51 306 52 355 53 240 54 355 55 306 56 346 57 346 58 371 59 240 60 390 61 355 62 1 63 390 64 346 65 371 66 390 67 355 68 240 69 346 70 240 71 208 72 271 73 208 74 271 75 1 76 278 77 208 78 355 79 346 80 278 81 306 82 306 83 306 84 271 85 371 86 278 88 240 89 278 90 240 91 355 92 355 93 278 94 371 95 1 96 355 97 271 98 240 99 346 100 371
1 1 238 2 254 3 254 4 254 5 325 6 238 7 340 8 376 9 240 10 361 11 181 12 376 13 132 14 325 15 254 16 181 17 1 18 325 19 325 20 1 21 361 22 361 23 361 24 254 25 325 26 376 27 376 28 238 29 1 30 325 31 376 32 132 33 340 34 376 35 254 36 325 37 238 38 254 39 238 40 376 41 132 42 325 43 240 44 240 45 238 46 325 47 181 48 238 49 181 50 376 51 181 52 325 53 1 54 325 55 181 56 340 57 340 58 376 59 1 60 361 61 325 62 240 63 361 64 340 65 376 66 361 67 325 68 1 69 340 70 1 71 132 72 238 73 132 74 238 75 240 76 254 77 132 78 325 79 340 80 254 81 181 82 181 83 181 84 238 85 376 86 254 87 240 89 254 90 1 91 325 92 325 93 254 94 376 95 240 96 325 97 238 98 1 99 340 100 376
1 1 78 2 1 3 1 4 1 5 136 6 78 7 113 8 168 9 278 10 164 11 231 12 168 13 154 14 136 15 1 16 231 17 254 18 136 19 136 20 254 21 164 22 164 23 164 24 1 25 136 26 168 27 168 28 78 29 254 30 136 31 168 32 154 33 113 34 168 35 1 36 136 37 78 38 1 39 78 40 168 41 154 42 136 43 278 44 278 45 78 46 136 47 231 48 78 49 231 50 168 51 231 52 136 53 254 54 136 55 231 56 113 57 113 58 168 59 254 60 164 61 136 62 278 63 164 64 113 65 168 66 164 67 136 68 254 69 113 70 254 71 154 72 78 73 154 74 78 75 278 76 1 77 154 78 136 79 113 80 1 81 231 82 231 83 231 84 78 85 168 86 1 87 278 88 254 90 254 91 136 92 136 93 1 94 168 95 278 96 136 97 78 98 254 99 113 100 168
1 1 238 2 254 3 254 4 254 5 325 6 238 7 340 8 376 9 240 10 361 11 181 12 376 13 132 14 325 15 254 16 181 17 1 18 325 19 325 20 1 21 361 22 361 23 361 24 254 25 325 26 376 27 376 28 238 29 1 30 325 31 376 32 132 33 340 34 376 35 254 36 325 37 238 38 254 39 238 40 376 41 132 42 325 43 240 44 240 45 238 46 325 47 181 48 238 49 181 50 376 51 181 52 325 53 1 54 325 55 181 56 340 57 340 58 376 59 1 60 361 61 325 62 240 63 361 64 340 65 376 66 361 67 325 68 1 69 340 70 1 71 132 72 238 73 132 74 238 75 240 76 254 77 132 78 325 79 340 80 254 81 181 82 181 83 181 84 238 85 376 86 254 87 240 88 1 89 254 91 325 92 325 93 254 94 376 95 240 96 325 97 238 98 1 99 340 100 376
1 1 137 2 136 3 136 4 136 5 1 6 137 7 132 8 228 9 355 10 129 11 293 12 228 13 248 14 1 15 136 16 293 17 325 18 1 19 1 20 325 21 129 22 129 23 129 24 136 25 1 26 228 27 228 28 137 29 325 30 1 31 228 32 248 33 132 34 228 35 136 36 1 37 137 38 136 39 137 40 228 41 248 42 1 43 355 44 355 45 137 46 1 47 293 48 137 49 293 50 228 51 293 52 1 53 325 54 1 55 293 56 132 57 132 58 228 59 325 60 129 61 1 62 355 63 129 64 132 65 228 66 129 67 1 68 325 69 132 70 325 71 248 72 137 73 248 74 137 75 355 76 136 77 248 78 1 79 132 80 136 81 293 82 293 83 293 84 137 85 228 86 136 87 355 88 325 89 136 90 325 92 1 93 136 94 228 95 355 96 1 97 137 98 325 99 132 100 228
1 1 137 2 136 3 136 4 136 5 1 6 137 7 132 8 228 9 355 10 129 11 293 12 228 13 248 14 1 15 136 16 293 17 325 18 1 19 1 20 325 21 129 22 129 23 129 24 136 25 1 26 228 27 228 28 137 29 325 30 1 31 228 32 248 33 132 34 228 35 136 36 1 37 137 38 136 39 137 40 228 41 248 42 1 43 355 44 355 45 137 46 1 47 293 48 137 49 293 50 228 51 293 52 1 53 325 54 1 55 293 56 132 57 132 58 228 59 325 60 129 61 1 62 355 63 129 64 132 65 228 66 129 67 1 68 325 69 132 70 325 71 248 72 137 73 248 74 137 75 355 76 136 77 248 78 1 79 132 80 136 81 293 82 293 83 293 84 137 85 228 86 136 87 355 88 325 89 136 90 325 91 1 93 136 94 228 95 355 96 1 97 137 98 325 99 132 100 228
1 1 78 2 1 3 1 4 1 5 136 6 78 7 113 8 168 9 278 10 164 11 231 12 168 13 154 14 136 15 1 16 231 17 254 18 136 19 136 20 254 21 164 22 164 23 164 24 1 25 136 26 168 27 168 28 78 29 254 30 136 31 168 32 154 33 113 34 168 35 1 36 136 37 78 38 1 39 78 40 168 41 154 42 136 43 278 44 278 45 78 46 136 47 231 48 78 49 231 50 168 51 231 52 136 53 254 54 136 55 231 56 113 57 113 58 168 59 254 60 164 61 136 62 278 63 164 64 113 65 168 66 164 67 136 68 254 69 113 70 254 71 154 72 78 73 154 74 78 75 278 76 1 77 154 78 136 79 113 80 1 81 231 82 231 83 231 84 78 85 168 86 1 87 278 88 254 89 1 90 254 91 136 92 136 94 168 95 278 96 136 97 78 98 254 99 113 100 168
1 1 213 2 168 3 168 4 168 5 228 6 213 7 126 8 1 9 371 10 216 11 352 12 1 13 279 14 228 15 168 16 352 17 376 18 228 19 228 20 376 21 216 22 216 23 216 24 168 25 228 26 1 27 1 28 213 29 376 30 228 31 1 32 279 33 126 34 1 35 168 36 228 37 213 38 168 39 213 40 1 41 279 42 228 43 371 44 371 45 213 46 228 47 352 48 213 49 352 50 1 51 352 52 228 53 376 54 228 55 352 56 126 57 126 58 1 59 376 60 216 61 228 62 371 63 216 64 126 65 1 66 216 67 228 68 376 69 126 70 376 71 279 72 213 73 279 74 213 75 371 76 168 77 279 78 228 79 126 80 168 81 352 82 352 83 352 84 213 85 1 86 168 87 371 88 376 89 168 90 376 91 228 92 228 93 168 95 371 96 228 97 213 98 376 99 126 100 1
1 1 271 2 278 3 278 4 278 5 355 6 271 7 346 8 371 9 1 10 390 11 306 12 371 13 208 14 355 15 278 16 306 17 240 18 355 19 355 20 240 21 390 22 390 23 390 24 278 25 355 26 371 27 371 28 271 29 240 30 355 31 371 32 208 33 346 34 371 35 278 36 355 37 271 38 278 39 271 40 371 41 208 42 355 43 1 44 1 45 271 46 355 47 306 48 271 49 306 50 371 51 306 52 355 53 240 54 355 55 306 56 346 57 346 58 371 59 240 60 390 61 355 62 1 63 390 64 346 65 371 66 390 67 355 68 240 69 346 70 240 71 208 72 271 73 208 74 271 75 1 76 278 77 208 78 355 79 346 80 278 81 306 82 306 83 306 84 271 85 371 86 278 87 1 88 240 89 278 90 240 91 355 92 355 93 278 94 371 96 355 97 271 98 240 99 346 100 371
1 1 137 2 136 3 136 4 136 5 1 6 137 7 132 8 228 9 355 10 129 11 293 12 228 13 248 14 1 15 136 16 293 17 325 18 1 19 1 20 325 21 129 22 129 23 129 24 136 25 1 26 228 27 228 28 137 29 325 30 1 31 228 32 248 33 132 34 228 35 136 36 1 37 137 38 136 39 137 40 228 41 248 42 1 43 355 44 355 45 137 46 1 47 293 48 137 49 293 50 228 51 293 52 1 53 325 54 1 55 293 56 132 57 132 58 228 59 325 60 129 61 1 62 355 63 129 64 132 65 228 66 129 67 1 68 325 69 132 70 325 71 248 72 137 73 248 74 137 75 355 76 136 77 248 78 1 79 132 80 136 81 293 82 293 83 293 84 137 85 228 86 136 87 355 88 325 89 136 90 325 91 1 92 1 93 136 94 228 95 355 97 137 98 325 99 132 100 228
1 1 1 2 78 3 78 4 78 5 137 6 1 7 146 8 213 9 271 10 174 11 217 12 213 13 148 14 137 15 78 16 217 17 238 18 137 19 137 20 238 21 174 22 174 23 174 24 78 25 137 26 213 27 213 28 1 29 238 30 137 31 213 32 148 33 146 34 213 35 78 36 137 37 1 38 78 39 1 40 213 41 148 42 137 43 271 44 271 45 1 46 137 47 217 48 1 49 217 50 213 51 217 52 137 53 238 54 137 55 217 56 146 57 146 58 213 59 238 60 174 61 137 62 271 63 174 64 146 65 213 66 174 67 137 68 238 69 146 70 238 71 148 72 1 73 148 74 1 75 271 76 78 77 148 78 137 79 146 80 78 81 217 82 217 83 217 84 1 85 213 86 78 87 271 88 238 89 78 90 238 91 137 92 137 93 78 94 213 95 271 96 137 98 238 99 146 100 213
1 1 238 2 254 3 254 4 254 5 325 6 238 7 340 8 376 9 240 10 361 11 181 12 376 13 132 14 325 15 254 16 181 17 1 18 325 19 325 20 1 21 361 22 361 23 361 24 254 25 325 26 376 27 376 28 238 29 1 30 325 31 376 32 132 33 340 34 376 35 254 36 325 37 238 38 254 39 238 40 376 41 132 42 325 43 240 44 240 45 238 46 325 47 181 48 238 49 181 50 376 51 181 52 325 53 1 54 325 55 181 56 340 57 340 58 376 59 1 60 361 61 325 62 240 63 361 64 340 65 376 66 361 67 325 68 1 69 340 70 1 71 132 72 238 73 132 74 238 75 240 76 254 77 132 78 325 79 340 80 254 81 181 82 181 83 181 84 238 85 376 86 254 87 240 88 1 89 254 90 1 91 325 92 325 93 254 94 376 95 240 96 325 97 238 99 340 100 376
1 1 146 2 113 3 113 4 113 5 132 6 146 7 1 8 126 9 346 10 139 11 304 12 126 13 242 14 132 15 113 16 304 17 340 18 132 19 132 20 340 21 139 22 139 23 139 24 113 25 132 26 126 27 126 28 146 29 340 30 132 31 126 32 242 33 1 34 126 35 113 36 132 37 146 38 113 39 146 40 126 41 242 42 132 43 346 44 346 45 146 46 132 47 304 48 146 49 304 50 126 51 304 52 132 53 340 54 132 55 304 56 1 57 1 58 126 59 340 60 139 61 132 62 346 63 139 64 1 65 126 66 139 67 132 68 340 69 1 70 340 71 242 72 146 73 242 74 146 75 346 76 113 77 242 78 132 79 1 80 113 81 304 82 304 83 304 84 146 85 126 86 113 87 346 88 340 89 113 90 340 91 132 92 132 93 113 94 126 95 346 96 132 97 146 98 340 100 126
1 1 213 2 168 3 168 4 168 5 228 6 213 7 126 8 1 9 371 10 216 11 352 12 1 13 279 14 228 15 168 16 352 17 376 18 228 19 228 20 376 21 216 22 216 23 216 24 168 25 228 26 1 27 1 28 213 29 376 30 228 31 1 32 279 33 126 34 1 35 168 36 228 37 213 38 168 39 213 40 1 41 279 42 228 43 371 44 371 45 213 46 228 47 352 48 213 49 352 50 1 51 352 52 228 53 376 54 228 55 352 56 126 57 126 58 1 59 376 60 216 61 228 62 371 63 216 64 126 65 1 66 216 67 228 68 376 69 126 70 376 71 279 72 213 73 279 74 213 75 371 76 168 77 279 78 228 79 126 80 168 81 352 82 352 83 352 84 213 85 1 86 168 87 371 88 376 89 168 90 376 91 228 92 228 93 168 94 1 95 371 96 228 97 213 98 376 99 126
